12
output/8791687752779123835_r_4 2 19 
output/8791687752779123835_r_3 2 17 18 
output/8791687752779123835_r_1 2 15 16 
output/8791687752779123835_r_0 2 13 14 
testmr/Test.class 2 10 
testmr/Test$TestReducer.class 2 12 
output/7546348128371849779_r_4 2 6 
output/7546348128371849779_r_3 2 4 5 
input 2 0 1 2 3 4 5 6 7 8 9 
output/7546348128371849779_r_1 2 2 3 
output/7546348128371849779_r_0 2 0 1 
testmr/Test$TestMapper.class 2 11 
20
19 output/8791687752779123835_r_4 2 0 
18 output/8791687752779123835_r_3 0 1 
17 output/8791687752779123835_r_3 1 2 
16 output/8791687752779123835_r_1 2 0 
15 output/8791687752779123835_r_1 0 1 
14 output/8791687752779123835_r_0 1 2 
13 output/8791687752779123835_r_0 2 0 
12 testmr/Test$TestReducer.class 0 1 
11 testmr/Test$TestMapper.class 1 2 
10 testmr/Test.class 2 0 
9 input 0 1 
8 input 1 2 
7 input 2 0 
6 output/7546348128371849779_r_4 1 2 
5 output/7546348128371849779_r_3 2 0 
4 output/7546348128371849779_r_3 0 1 
3 output/7546348128371849779_r_1 1 2 
2 output/7546348128371849779_r_1 2 0 
1 output/7546348128371849779_r_0 0 1 
0 output/7546348128371849779_r_0 1 2 
3
0 0 1 3 4 6 7 9 10 12 13 15 16 18 19 1 2 4 5 
1 0 2 3 5 6 8 9 11 12 14 15 17 18 0 1 3 4 6 
2 1 2 4 5 7 8 10 11 13 14 16 17 19 0 2 3 5 6 
